name: TDA-cluster-analysis
channels:
  - bioconda
  - conda-forge
  - defaults
dependencies:
  - _libgcc_mutex=0.1=main
  - _openmp_mutex=4.5=1_gnu
  - appdirs=1.4.4=py_0
  - biopython=1.79=py39h3811e60_0
  - blas=1.0=mkl
  - blast=2.12.0=pl5262h3289130_0
  - brotlipy=0.7.0=py39h27cfd23_1003
  - bzip2=1.0.8=h7b6447c_0
  - c-ares=1.17.1=h27cfd23_0
  - ca-certificates=2021.7.5=h06a4308_1
  - certifi=2021.5.30=py39h06a4308_0
  - cffi=1.14.6=py39h400218f_0
  - charset-normalizer=2.0.4=pyhd3eb1b0_0
  - cryptography=3.4.7=py39hd23ed53_0
  - curl=7.78.0=h1ccaba5_0
  - cython=0.29.24=py39h295c915_0
  - emboss=6.6.0=h440b012_4
  - entrez-direct=15.6=he881be0_0
  - enum34=1.1.10=py39h06a4308_0
  - expat=2.4.1=h2531618_2
  - fastx_toolkit=0.0.14=0
  - fontconfig=2.13.1=h6c09931_0
  - freetype=2.10.4=h5ab3b9f_0
  - giflib=5.1.4=h14c3975_1
  - htslib=1.13=h9093b5e_0
  - icu=58.2=he6710b0_3
  - idna=3.2=pyhd3eb1b0_0
  - intel-openmp=2021.3.0=h06a4308_3350
  - jpeg=9b=h024ee3a_2
  - krb5=1.19.2=hac12032_0
  - ld_impl_linux-64=2.35.1=h7274673_9
  - libcurl=7.78.0=h0b77cf5_0
  - libdeflate=1.7=h27cfd23_5
  - libedit=3.1.20210714=h7f8727e_0
  - libev=4.33=h7b6447c_0
  - libffi=3.3=he6710b0_2
  - libgcc-ng=9.3.0=h5101ec6_17
  - libgd=2.3.2=hdd3ff0f_3
  - libgomp=9.3.0=h5101ec6_17
  - libgtextutils=0.7=h1b792b2_7
  - libnghttp2=1.41.0=hf8bcb03_2
  - libpng=1.6.37=hbc83047_0
  - libssh2=1.9.0=h1ba5d50_1
  - libstdcxx-ng=9.3.0=hd4cf53a_17
  - libtiff=4.1.0=h2733197_1
  - libuuid=1.0.3=h1bed415_2
  - libwebp=1.0.1=h8e7db2f_0
  - libxml2=2.9.12=h03d6c58_0
  - lz4-c=1.9.3=h295c915_1
  - mafft=7.487=h779adbc_0
  - mkl=2021.3.0=h06a4308_520
  - mkl-service=2.4.0=py39h7f8727e_0
  - mkl_fft=1.3.0=py39h42c9631_2
  - mkl_random=1.2.2=py39h51133e4_0
  - ncbi-genome-download=0.3.0=pyh864c0ab_1
  - ncurses=6.2=he6710b0_1
  - nose=1.3.7=pyhd3eb1b0_1006
  - numpy=1.20.3=py39hf144106_0
  - numpy-base=1.20.3=py39h74d4b33_0
  - openssl=1.1.1l=h7f8727e_0
  - parallel=20210822=ha770c72_0
  - pcre=8.45=h295c915_0
  - perl=5.26.2=h14c3975_0
  - perl-archive-tar=2.32=pl526_0
  - perl-carp=1.38=pl526_3
  - perl-common-sense=3.74=pl526_2
  - perl-compress-raw-bzip2=2.087=pl526he1b5a44_0
  - perl-compress-raw-zlib=2.087=pl526hc9558a2_0
  - perl-exporter=5.72=pl526_1
  - perl-exporter-tiny=1.002001=pl526_0
  - perl-extutils-makemaker=7.36=pl526_1
  - perl-io-compress=2.087=pl526he1b5a44_0
  - perl-io-zlib=1.10=pl526_2
  - perl-json=4.02=pl526_0
  - perl-json-xs=2.34=pl526h6bb024c_3
  - perl-list-moreutils=0.428=pl526_1
  - perl-list-moreutils-xs=0.428=pl526_0
  - perl-pathtools=3.75=pl526h14c3975_1
  - perl-scalar-list-utils=1.52=pl526h516909a_0
  - perl-types-serialiser=1.0=pl526_2
  - perl-xsloader=0.24=pl526_0
  - pip=21.2.4=py37h06a4308_0
  - pycparser=2.20=py_2
  - pyfaidx=0.6.2=pyh5e36f6f_0
  - pyopenssl=20.0.1=pyhd3eb1b0_1
  - pysocks=1.7.1=py39h06a4308_0
  - python=3.9.6=h12debd9_1
  - python_abi=3.9=2_cp39
  - readline=8.1=h27cfd23_0
  - requests=2.26.0=pyhd3eb1b0_0
  - samtools=1.13=h8c37831_0
  - setuptools=52.0.0=py39h06a4308_0
  - six=1.16.0=pyhd3eb1b0_0
  - sqlite=3.36.0=hc218d9a_0
  - tk=8.6.10=hbc83047_0
  - tzdata=2021a=h5d7bf9c_0
  - urllib3=1.26.6=pyhd3eb1b0_1
  - wheel=0.37.0=pyhd3eb1b0_0
  - xz=5.2.5=h7b6447c_0
  - zlib=1.2.11=h7b6447c_3
  - zstd=1.4.9=haebb681_0
prefix: /home/maltebirk/miniconda3/envs/TDA-cluster-analysis
